20 2 15 815
1 1 2 815
63 2 10 815
1 4 4 815
1 10 1 815
20 2 15 906
1 1 2 906
63 2 10 906
1 4 4 906
1 10 1 906
20 2 15 127
1 1 2 127
63 2 10 127
1 4 4 127
1 10 1 127
20 2 15 913
1 1 2 913
63 2 10 913
1 4 4 913
1 10 1 913
20 2 15 632
1 1 2 632
63 2 10 632
1 4 4 632
1 10 1 632
20 2 15 98
1 1 2 98
63 2 10 98
1 4 4 98
1 10 1 98
20 2 15 278
1 1 2 278
63 2 10 278
1 4 4 278
1 10 1 278
20 2 15 547
1 1 2 547
63 2 10 547
1 4 4 547
1 10 1 547
20 2 15 958
1 1 2 958
63 2 10 958
1 4 4 958
1 10 1 958
20 2 15 965
1 1 2 965
63 2 10 965
1 4 4 965
1 10 1 965
